2.132 0.817
0.124 -1.060
-0.214 0.084
0.134 1.324
-0.676 1.279
0.530 1.031
-0.121 -0.450
0.459 1.224
1.103 0.497
0.851 0.066
-0.489 1.185
0.504 1.189
1.194 1.124
1.839 0.390
0.482 1.931
0.586 1.666
1.148 -0.417
1.208 1.608
-0.180 0.670
1.115 0.907
0.348 -0.560
-0.313 0.259
0.977 1.676
0.650 1.007
0.128 -1.417
1.232 -0.003
-0.170 -0.298
1.010 -0.710
0.833 0.309
1.399 -1.673
1.525 0.542
0.062 0.929
1.664 1.233
0.668 1.637
0.261 0.464
-1.547 1.138
0.208 0.791
-0.208 1.809
-0.119 0.590
1.633 -1.404
0.602 0.399
0.185 0.169
2.310 -0.102
0.095 1.682
1.273 0.748
-0.368 -0.311
1.281 0.516
0.676 -0.178
0.319 0.611
1.565 0.222
-0.613 1.318
-1.076 -0.058
-0.001 0.164
